Practica 3 test AG

Fichero de datos: tic-tac-toe.data
Laplace = False, normalizar = True
Estrategia: validacion cruzada, numParticiones: 5
Clasificador: clasificador Algoritmo Genético tamPoblacion:  5  y numGeneraciones 3
Ejecucción: 
________________________________________________________________
 =>DatosTrain [ 0 ]:
[[1.000 0.000 1.000]
 [1.000 0.000 1.000]
 [1.000 0.000 1.000]
 [0.000 1.000 0.000]]
 =>DatosTest [ 0 ]:
[[1.000 1.000 1.000]
 [1.000 1.000 1.000]
 [0.000 0.000 0.000]
 [1.000 1.000 1.000]
 [1.000 1.000 1.000]]
Poblacion 0:
[[[1.000 0.000 0.000 1.000 1.000 1.000]
  [1.000 1.000 0.000 0.000 0.000 0.000]]

 [[1.000 0.000 0.000 1.000 0.000 1.000]
  [0.000 0.000 1.000 1.000 0.000 1.000]]

 [[1.000 1.000 0.000 0.000 1.000 1.000]
  [0.000 0.000 0.000 0.000 0.000 0.000]]

 [[0.000 0.000 0.000 1.000 1.000 1.000]
  [1.000 1.000 1.000 0.000 1.000 1.000]]

 [[1.000 0.000 0.000 0.000 1.000 0.000]
  [0.000 0.000 0.000 0.000 1.000 0.000]]]
Valor de fitness de la poblacion 0 [25.000 25.000 75.000 75.000 25.000] 

new poblacion (after fitness):
[[[1.000 1.000 0.000 0.000 1.000 1.000]
  [0.000 0.000 0.000 0.000 0.000 0.000]]

 [[0.000 0.000 0.000 0.000 0.000 0.000]
  [0.000 0.000 0.000 0.000 0.000 0.000]]

 [[0.000 0.000 0.000 0.000 0.000 0.000]
  [0.000 0.000 0.000 0.000 0.000 0.000]]

 [[0.000 0.000 0.000 0.000 0.000 0.000]
  [0.000 0.000 0.000 0.000 0.000 0.000]]

 [[0.000 0.000 0.000 0.000 0.000 0.000]
  [0.000 0.000 0.000 0.000 0.000 0.000]]] 

fitnessTotal:  150.0 

Seleccionados (cruce)
: [[[1.000 0.000 0.000 1.000 1.000 1.000]
  [1.000 1.000 0.000 0.000 0.000 0.000]]

 [[1.000 0.000 0.000 1.000 1.000 1.000]
  [1.000 1.000 0.000 0.000 0.000 0.000]]

 [[1.000 0.000 0.000 1.000 1.000 1.000]
  [1.000 1.000 0.000 0.000 0.000 0.000]]] 

new poblacion (after fitness):
[[[0.000 0.000 0.000 1.000 1.000 1.000]
  [1.000 1.000 1.000 0.000 1.000 1.000]]

 [[0.000 0.000 0.000 0.000 0.000 0.000]
  [0.000 0.000 0.000 0.000 0.000 0.000]]

 [[0.000 0.000 0.000 0.000 0.000 0.000]
  [0.000 0.000 0.000 0.000 0.000 0.000]]

 [[0.000 0.000 0.000 0.000 0.000 0.000]
  [0.000 0.000 0.000 0.000 0.000 0.000]]

 [[0.000 0.000 0.000 0.000 0.000 0.000]
  [0.000 0.000 0.000 0.000 0.000 0.000]]] 

fitnessTotal:  75.0 

Seleccionados (cruce)
: [[[1.000 0.000 0.000 1.000 1.000 1.000]
  [1.000 1.000 0.000 0.000 0.000 0.000]]

 [[1.000 0.000 0.000 1.000 1.000 1.000]
  [1.000 1.000 0.000 0.000 0.000 0.000]]

 [[1.000 0.000 0.000 1.000 1.000 1.000]
  [1.000 1.000 0.000 0.000 0.000 0.000]]] 

new poblacion (after fitness):
[[[1.000 0.000 0.000 0.000 1.000 0.000]
  [0.000 0.000 0.000 0.000 1.000 0.000]]

 [[0.000 0.000 0.000 0.000 0.000 0.000]
  [0.000 0.000 0.000 0.000 0.000 0.000]]

 [[0.000 0.000 0.000 0.000 0.000 0.000]
  [0.000 0.000 0.000 0.000 0.000 0.000]]

 [[0.000 0.000 0.000 0.000 0.000 0.000]
  [0.000 0.000 0.000 0.000 0.000 0.000]]

 [[0.000 0.000 0.000 0.000 0.000 0.000]
  [0.000 0.000 0.000 0.000 0.000 0.000]]] 

fitnessTotal:  50.0 

Seleccionados (cruce)
: [[[1.000 0.000 0.000 1.000 1.000 1.000]
  [1.000 1.000 0.000 0.000 0.000 0.000]]

 [[1.000 0.000 0.000 1.000 1.000 1.000]
  [1.000 1.000 0.000 0.000 0.000 0.000]]

 [[1.000 0.000 0.000 1.000 1.000 1.000]
  [1.000 1.000 0.000 0.000 0.000 0.000]]] 

 =>DatosTrain [ 1 ]:
[[1.000 1.000 1.000]
 [1.000 1.000 1.000]
 [0.000 0.000 0.000]
 [1.000 1.000 1.000]
 [1.000 1.000 1.000]]
 =>DatosTest [ 1 ]:
[[1.000 0.000 1.000]
 [1.000 0.000 1.000]
 [1.000 0.000 1.000]
 [0.000 1.000 0.000]]
Poblacion 0:
[[[1.000 0.000 1.000 1.000 0.000 1.000]
  [1.000 1.000 1.000 0.000 0.000 1.000]]

 [[1.000 1.000 1.000 1.000 0.000 1.000]
  [0.000 0.000 0.000 0.000 0.000 0.000]]

 [[0.000 1.000 0.000 0.000 1.000 1.000]
  [1.000 1.000 0.000 1.000 0.000 0.000]]

 [[0.000 0.000 0.000 1.000 1.000 0.000]
  [0.000 0.000 0.000 0.000 0.000 0.000]]

 [[0.000 0.000 0.000 0.000 1.000 0.000]
  [1.000 0.000 0.000 1.000 0.000 1.000]]]
Valor de fitness de la poblacion 0 [80.000 80.000 20.000 20.000 20.000] 

new poblacion (after fitness):
[[[1.000 0.000 1.000 1.000 0.000 1.000]
  [1.000 1.000 1.000 0.000 0.000 1.000]]

 [[0.000 0.000 0.000 0.000 0.000 0.000]
  [0.000 0.000 0.000 0.000 0.000 0.000]]

 [[0.000 0.000 0.000 0.000 0.000 0.000]
  [0.000 0.000 0.000 0.000 0.000 0.000]]

 [[0.000 0.000 0.000 0.000 0.000 0.000]
  [0.000 0.000 0.000 0.000 0.000 0.000]]

 [[0.000 0.000 0.000 0.000 0.000 0.000]
  [0.000 0.000 0.000 0.000 0.000 0.000]]] 

fitnessTotal:  140.0 

Seleccionados (cruce)
: [[[1.000 0.000 1.000 1.000 0.000 1.000]
  [1.000 1.000 1.000 0.000 0.000 1.000]]

 [[1.000 0.000 1.000 1.000 0.000 1.000]
  [1.000 1.000 1.000 0.000 0.000 1.000]]

 [[1.000 0.000 1.000 1.000 0.000 1.000]
  [1.000 1.000 1.000 0.000 0.000 1.000]]] 

new poblacion (after fitness):
[[[1.000 1.000 1.000 1.000 0.000 1.000]
  [0.000 0.000 0.000 0.000 0.000 0.000]]

 [[0.000 0.000 0.000 0.000 0.000 0.000]
  [0.000 0.000 0.000 0.000 0.000 0.000]]

 [[0.000 0.000 0.000 0.000 0.000 0.000]
  [0.000 0.000 0.000 0.000 0.000 0.000]]

 [[0.000 0.000 0.000 0.000 0.000 0.000]
  [0.000 0.000 0.000 0.000 0.000 0.000]]

 [[0.000 0.000 0.000 0.000 0.000 0.000]
  [0.000 0.000 0.000 0.000 0.000 0.000]]] 

fitnessTotal:  60.0 

Seleccionados (cruce)
: [[[1.000 0.000 1.000 1.000 0.000 1.000]
  [1.000 1.000 1.000 0.000 0.000 1.000]]

 [[1.000 0.000 1.000 1.000 0.000 1.000]
  [1.000 1.000 1.000 0.000 0.000 1.000]]

 [[1.000 0.000 1.000 1.000 0.000 1.000]
  [1.000 1.000 1.000 0.000 0.000 1.000]]] 

new poblacion (after fitness):
[[[0.000 0.000 0.000 0.000 1.000 0.000]
  [1.000 0.000 0.000 1.000 0.000 1.000]]

 [[0.000 0.000 0.000 0.000 0.000 0.000]
  [0.000 0.000 0.000 0.000 0.000 0.000]]

 [[0.000 0.000 0.000 0.000 0.000 0.000]
  [0.000 0.000 0.000 0.000 0.000 0.000]]

 [[0.000 0.000 0.000 0.000 0.000 0.000]
  [0.000 0.000 0.000 0.000 0.000 0.000]]

 [[0.000 0.000 0.000 0.000 0.000 0.000]
  [0.000 0.000 0.000 0.000 0.000 0.000]]] 

fitnessTotal:  40.0 

Seleccionados (cruce)
: [[[1.000 0.000 1.000 1.000 0.000 1.000]
  [1.000 1.000 1.000 0.000 0.000 1.000]]

 [[1.000 0.000 1.000 1.000 0.000 1.000]
  [1.000 1.000 1.000 0.000 0.000 1.000]]

 [[1.000 0.000 1.000 1.000 0.000 1.000]
  [1.000 1.000 1.000 0.000 0.000 1.000]]] 

=================RESULTADO====================
Array de % de errores obtenidos: [80.000 75.000] 
Media de errores total: 77.5 %
Mediana de errores total: 77.5 %
Desviación típica: 2.5 %


