/home/arave/Documents/REPOS/faa/P3/Clasificador.py:192: RuntimeWarning: invalid value encountered in double_scalars
  fitnessRelativo = [f/fitnessTotal for f in fitness]
Practica 3 test AG

Fichero de datos: tic-tac-toe.data
Laplace = False, normalizar = True
Estrategia: validacion cruzada, numParticiones: 5
Clasificador: clasificador Algoritmo Genético tamPoblacion:  5  y numGeneraciones 3
Ejecucción: 
________________________________________________________________
 =>DatosTrain [ 0 ]:
[[1.000 1.000 1.000]
 [1.000 0.000 1.000]]
 =>DatosTest [ 0 ]:
[[0.000 0.000 0.000]
 [0.000 1.000 0.000]]
Poblacion 0:
[[[0.000 0.000 0.000 1.000 0.000 0.000]
  [0.000 1.000 0.000 1.000 1.000 0.000]]

 [[1.000 0.000 1.000 1.000 1.000 1.000]
  [0.000 0.000 0.000 0.000 0.000 0.000]]

 [[1.000 1.000 1.000 1.000 1.000 1.000]
  [0.000 0.000 0.000 0.000 0.000 0.000]]

 [[0.000 1.000 0.000 0.000 1.000 0.000]
  [0.000 0.000 0.000 0.000 0.000 0.000]]

 [[1.000 1.000 0.000 0.000 1.000 1.000]
  [0.000 0.000 0.000 0.000 0.000 0.000]]]
Valor de fitness de la poblacion 0 [0.000 0.000 100.000 0.000 100.000] 

new poblacion (after fitness):
[[[1.000 1.000 0.000 0.000 1.000 1.000]
  [0.000 0.000 0.000 0.000 0.000 0.000]]

 [[0.000 0.000 0.000 0.000 0.000 0.000]
  [0.000 0.000 0.000 0.000 0.000 0.000]]

 [[0.000 0.000 0.000 0.000 0.000 0.000]
  [0.000 0.000 0.000 0.000 0.000 0.000]]

 [[0.000 0.000 0.000 0.000 0.000 0.000]
  [0.000 0.000 0.000 0.000 0.000 0.000]]

 [[0.000 0.000 0.000 0.000 0.000 0.000]
  [0.000 0.000 0.000 0.000 0.000 0.000]]] 

fitnessTotal:  100.0 

Seleccionados (cruce)
: [[[0.000 0.000 0.000 1.000 0.000 0.000]
  [0.000 1.000 0.000 1.000 1.000 0.000]]

 [[0.000 0.000 0.000 1.000 0.000 0.000]
  [0.000 1.000 0.000 1.000 1.000 0.000]]

 [[0.000 0.000 0.000 1.000 0.000 0.000]
  [0.000 1.000 0.000 1.000 1.000 0.000]]] 

new poblacion (after fitness):
[[[1.000 1.000 1.000 1.000 1.000 1.000]
  [0.000 0.000 0.000 0.000 0.000 0.000]]

 [[0.000 0.000 0.000 0.000 0.000 0.000]
  [0.000 0.000 0.000 0.000 0.000 0.000]]

 [[0.000 0.000 0.000 0.000 0.000 0.000]
  [0.000 0.000 0.000 0.000 0.000 0.000]]

 [[0.000 0.000 0.000 0.000 0.000 0.000]
  [0.000 0.000 0.000 0.000 0.000 0.000]]

 [[0.000 0.000 0.000 0.000 0.000 0.000]
  [0.000 0.000 0.000 0.000 0.000 0.000]]] 

fitnessTotal:  0.0 

Seleccionados (cruce)
: [[[0.000 0.000 0.000 0.000 0.000 0.000]
  [0.000 0.000 0.000 0.000 0.000 0.000]]

 [[0.000 0.000 0.000 0.000 0.000 0.000]
  [0.000 0.000 0.000 0.000 0.000 0.000]]

 [[0.000 0.000 0.000 0.000 0.000 0.000]
  [0.000 0.000 0.000 0.000 0.000 0.000]]] 

new poblacion (after fitness):
[[[1.000 1.000 0.000 0.000 1.000 1.000]
  [0.000 0.000 0.000 0.000 0.000 0.000]]

 [[0.000 0.000 0.000 0.000 0.000 0.000]
  [0.000 0.000 0.000 0.000 0.000 0.000]]

 [[0.000 0.000 0.000 0.000 0.000 0.000]
  [0.000 0.000 0.000 0.000 0.000 0.000]]

 [[0.000 0.000 0.000 0.000 0.000 0.000]
  [0.000 0.000 0.000 0.000 0.000 0.000]]

 [[0.000 0.000 0.000 0.000 0.000 0.000]
  [0.000 0.000 0.000 0.000 0.000 0.000]]] 

fitnessTotal:  0.0 

Seleccionados (cruce)
: [[[0.000 0.000 0.000 0.000 0.000 0.000]
  [0.000 0.000 0.000 0.000 0.000 0.000]]

 [[0.000 0.000 0.000 0.000 0.000 0.000]
  [0.000 0.000 0.000 0.000 0.000 0.000]]

 [[0.000 0.000 0.000 0.000 0.000 0.000]
  [0.000 0.000 0.000 0.000 0.000 0.000]]] 

 =>DatosTrain [ 1 ]:
[[0.000 0.000 0.000]
 [0.000 1.000 0.000]]
 =>DatosTest [ 1 ]:
[[1.000 1.000 1.000]
 [1.000 0.000 1.000]]
Poblacion 0:
[[[1.000 1.000 1.000 1.000 0.000 1.000]
  [0.000 0.000 0.000 0.000 0.000 0.000]]

 [[1.000 1.000 1.000 1.000 0.000 1.000]
  [0.000 0.000 0.000 0.000 0.000 0.000]]

 [[1.000 0.000 1.000 0.000 0.000 1.000]
  [0.000 0.000 0.000 0.000 0.000 0.000]]

 [[0.000 0.000 1.000 0.000 0.000 1.000]
  [0.000 0.000 0.000 0.000 0.000 0.000]]

 [[1.000 0.000 1.000 1.000 0.000 0.000]
  [0.000 0.000 0.000 0.000 0.000 0.000]]]
Valor de fitness de la poblacion 0 [0.000 0.000 0.000 100.000 100.000] 

new poblacion (after fitness):
[[[1.000 0.000 1.000 1.000 0.000 0.000]
  [0.000 0.000 0.000 0.000 0.000 0.000]]

 [[0.000 0.000 0.000 0.000 0.000 0.000]
  [0.000 0.000 0.000 0.000 0.000 0.000]]

 [[0.000 0.000 0.000 0.000 0.000 0.000]
  [0.000 0.000 0.000 0.000 0.000 0.000]]

 [[0.000 0.000 0.000 0.000 0.000 0.000]
  [0.000 0.000 0.000 0.000 0.000 0.000]]

 [[0.000 0.000 0.000 0.000 0.000 0.000]
  [0.000 0.000 0.000 0.000 0.000 0.000]]] 

fitnessTotal:  100.0 

Seleccionados (cruce)
: [[[1.000 1.000 1.000 1.000 0.000 1.000]
  [0.000 0.000 0.000 0.000 0.000 0.000]]

 [[1.000 1.000 1.000 1.000 0.000 1.000]
  [0.000 0.000 0.000 0.000 0.000 0.000]]

 [[1.000 1.000 1.000 1.000 0.000 1.000]
  [0.000 0.000 0.000 0.000 0.000 0.000]]] 

new poblacion (after fitness):
[[[0.000 0.000 1.000 0.000 0.000 1.000]
  [0.000 0.000 0.000 0.000 0.000 0.000]]

 [[0.000 0.000 0.000 0.000 0.000 0.000]
  [0.000 0.000 0.000 0.000 0.000 0.000]]

 [[0.000 0.000 0.000 0.000 0.000 0.000]
  [0.000 0.000 0.000 0.000 0.000 0.000]]

 [[0.000 0.000 0.000 0.000 0.000 0.000]
  [0.000 0.000 0.000 0.000 0.000 0.000]]

 [[0.000 0.000 0.000 0.000 0.000 0.000]
  [0.000 0.000 0.000 0.000 0.000 0.000]]] 

fitnessTotal:  0.0 

Seleccionados (cruce)
: [[[0.000 0.000 0.000 0.000 0.000 0.000]
  [0.000 0.000 0.000 0.000 0.000 0.000]]

 [[0.000 0.000 0.000 0.000 0.000 0.000]
  [0.000 0.000 0.000 0.000 0.000 0.000]]

 [[0.000 0.000 0.000 0.000 0.000 0.000]
  [0.000 0.000 0.000 0.000 0.000 0.000]]] 

new poblacion (after fitness):
[[[1.000 0.000 1.000 1.000 0.000 0.000]
  [0.000 0.000 0.000 0.000 0.000 0.000]]

 [[0.000 0.000 0.000 0.000 0.000 0.000]
  [0.000 0.000 0.000 0.000 0.000 0.000]]

 [[0.000 0.000 0.000 0.000 0.000 0.000]
  [0.000 0.000 0.000 0.000 0.000 0.000]]

 [[0.000 0.000 0.000 0.000 0.000 0.000]
  [0.000 0.000 0.000 0.000 0.000 0.000]]

 [[0.000 0.000 0.000 0.000 0.000 0.000]
  [0.000 0.000 0.000 0.000 0.000 0.000]]] 

fitnessTotal:  0.0 

Seleccionados (cruce)
: [[[0.000 0.000 0.000 0.000 0.000 0.000]
  [0.000 0.000 0.000 0.000 0.000 0.000]]

 [[0.000 0.000 0.000 0.000 0.000 0.000]
  [0.000 0.000 0.000 0.000 0.000 0.000]]

 [[0.000 0.000 0.000 0.000 0.000 0.000]
  [0.000 0.000 0.000 0.000 0.000 0.000]]] 

=================RESULTADO====================
Array de % de errores obtenidos: [100.000 100.000] 
Media de errores total: 100.0 %
Mediana de errores total: 100.0 %
Desviación típica: 0.0 %


